78281
1064724
2442292
2445836
2457062
2460782
2460812
2463442
2463556
2464042
2519686
2538436
2543492
2551586
2554586
2561212
2848567
2850937
2851537
2854807
2913437
2913937
2914037
2914057
2925806
2925812
2926537
2926556
2929037
2929057
2944538
2951836
2992306
3007306
3010807
3040436
3300788
3300962
4292268
4394708
4397662
4398406
4398412
4398938
4399058
4414948
4418492
4475963
4476437
4476557
4477211
4488937
4489037
4489057
4489061
4491412
4491557
4492057
4492061
4508411
4566442
4573537
4585342
4785782
4785932
4789948
4801537
4801561
4804037
4804057
4804061
4804532
4804561
4804661
4863436
4866557
4867057
4867061
4867156
4879561
4879661
4957066
4983598
4993556
4996118
5254082
5257163
5270906
5288411
5370998
5386742
5436532
5436556
5449342
5738444
6448282
6519532
6739162
6739186
6742364
6754567
6817364
6823282
6856094
6858598
6910807
6916561
7086852
7211686
7226692
7231094
7320997
7324999
7328123
7339094
7339694
7339874
7343594
7343743
7398598
7401598
7402462
7402498
7403099
7405499
7406099
7418099
7418119
7418599
7418719
7421098
7421119
7421843
7651412
7651532
7696118
7711118
7715438
7715462
7715618
7718599
7718623
7718719
7730623
7733623
7793599
7793623
7793719
7793723
7808618
7808723
7809224
7812343
9183718
9258718
9277499
9280318
9280438
9280474
9281218
9293119
9293599
9293719
9296119
9296123
9296219
9296243
9296723
9356219
9356243
9371243
9652342
9667999
9668594
9671219
9671243
9671723
9671743
9683743
9684344
9684368
9686743
9746099
9746218
9746743
9761719
9764843